3D2.png
1
1000,1000
1000,6
2

Camera Right
53,52,400
0,-0.05,-1
0,1,0
3.0
0.002

Camera Left
47,52,400
0,-0.05,-1
0,1,0
3.0
0.002

Cuboid2
50,40,80
35,35,35
45,45,0
1,1,1
0,0,0
0
0

Sphere Small Left
20,10,130
10
1,0.2,0.2
0,0,0
0
0

Sphere Small Right
80,10,130
10
0.2,0.2,1
0,0,0
0
0

Sphere Center Shiny
35,10,190
10
1,1,1
0,0,0
1
0

Sphere Center Glass
65,10,190
10
1,1,1
0,0,0
0
1.5

Sphere Left
-1e5,40,80
1e5
0.3,0.3,0.95
0,0,0
0
0

Sphere Right
100100,40,80
1e5
0.95,0.3,0.3
0,0,0
0
0

Sphere Back
50,40,-1e5
1e5
0.3,0.95,0.3
0,0,0
0
0

Sphere Front
50,40,100600
1e5
1.2,1.2,1.2
5,5,5
0
0

Sphere Bottom
50,-1e5,80
1e5
1.2,1.2,1.2
0,0,0
0
0

Sphere Top
50,100080,80
1e5
1.2,1.2,1.2
0,0,0
0
0

Sphere Light
50,5079.9,100
5000
0,0,0
10,10,10
0
0