lens2.png
1
800,800
500,6
1

Camera
50,52,200
0,-0.042612,-1
0,1,0
2.0
0.002

Lens
50,40,50
60,60,25
0,1,0
10
1,1,1
0,0,0
0
1.5

 Lens
 70,50,50
 30,30,0
 1,0,1
 -30
 1,1,1
 0,0,0
 0
 0

Sphere Left
100001,40.8,81.6
1e5
0.75,0.25,0.25
0,0,0
0
0

Sphere Right
-99901,40.8,81.6
1e5
0.25,0.25,0.75
0,0,0
0
0

Sphere Back
50,40.8,1e5
1e5
0.75,0.75,0.75
0,0,0
0
0

Sphere Front
50,40.8,-99400
1e5
1,1,1
0,0,0
0
0

Sphere Bottom
50,1e5,81.6
1e5
0.75,0.75,0.75
0.2,0.2,0.2
0
0

Sphere Top
50,-99918.4,81.6
1e5
0.75,0.75,0.75
0,0,0
0
0

 Sphere 1
 27,16.5,47
 16.5
 0.999,0.999,0.999
 0,0,0
 0
 0

 Sphere 2
 73,16.5,78
 16.5
 0.999,0.999,0.999
 0,0,0
 0
 0

Sphere Light
50,681.33,81.6
600
0,0,0
12,12,12
0
0